loc,A,Matchcount_COVID19,variation_COVID19,Matchcount_Sarbecovirus,variation_Sarbecovirus,loc2,loc3
N331,N,3721999,7.41482023762785e-05,49,0.02,331,1
I332,I,3722101,4.67456058458326e-05,49,0.02,332,2
T333,T,3722173,2.74025965303348e-05,49,0.02,333,3
N334,N,3722081,5.21186639891313e-05,48,0.04,334,4
L335,L,3721923,9.45658233204583e-05,31,0.38,335,5
C336,C,3722203,1.93430093154978e-05,50,0,336,6
P337,P,3721856,0.000112565568100131,50,0,337,7
F338,F,3721854,0.000113102873914528,50,0,338,8
G339,G,3721621,0.000175699001282781,26,0.48,339,9
E340,E,3721963,8.38197070339719e-05,26,0.48,340,10
V341,V,3722141,3.59994895594573e-05,48,0.04,341,11
F342,F,3722222,1.42386040794529e-05,49,0.02,342,12
N343,N,3722264,2.95518197879208e-06,50,0,343,13
A344,A,3721051,0.000328831158364129,47,0.0600000000000001,344,14
T345,T,3722166,2.9283166880445e-05,40,0.2,345,15
R346,R,3710373,0.00319750690102161,23,0.54,346,16
F347,F,3722265,2.68652907164935e-06,49,0.02,347,17
A348,A,3720898,0.000369935053159742,4,0.92,348,18
S349,S,3722113,4.35217709600089e-05,40,0.2,349,19
V350,V,3722253,5.91036395747313e-06,49,0.02,350,20
Y351,Y,3722198,2.06862738513225e-05,49,0.02,351,21
A352,A,3721373,0.000242324922258619,49,0.02,352,22
W353,W,3722248,7.2536284932978e-06,50,0,353,23
N354,N,3720553,0.000462620306129979,4,0.92,354,24
R355,R,3722236,1.04774633792326e-05,50,0,355,25
K356,K,3721699,0.000154744074524316,25,0.5,356,26
R357,R,3720355,0.000515813581747682,22,0.56,357,27
I358,I,3722217,1.55818686152775e-05,49,0.02,358,28
S359,S,3721707,0.000152594851267063,48,0.04,359,29
N360,N,3722242,8.86554593626521e-06,28,0.44,360,30
C361,C,3722248,7.2536284932978e-06,50,0,361,31
V362,V,3721650,0.000167908066975198,46,0.08,362,32
A363,A,3722147,3.43875721164899e-05,49,0.02,363,33
D364,D,3722247,7.52228140044053e-06,50,0,364,34
Y365,Y,3722260,4.029793607363e-06,49,0.02,365,35
S366,S,3722242,8.86554593626521e-06,26,0.48,366,36
V367,V,3717147,0.00137765210791785,48,0.04,367,37
L368,L,3722189,2.31041500158291e-05,42,0.16,368,38
Y369,Y,3722178,2.60593319945102e-05,49,0.02,369,39
N370,N,3721810,0.000124923601829474,49,0.02,370,40
S371,S,3722038,6.36707389969349e-05,49,0.02,371,41
A372,A,3721880,0.000106117898328262,2,0.96,372,42
S373,S,3721411,0.000232116111786529,41,0.18,373,43
F374,F,3722167,2.90145139733022e-05,49,0.02,374,44
S375,S,3722040,6.31334331826494e-05,49,0.02,375,45
T376,T,3721399,0.000235339946672353,49,0.02,376,46
F377,F,3722233,1.12834221007718e-05,49,0.02,377,47
K378,K,3721975,8.05958721480371e-05,44,0.12,378,48
C379,C,3722270,1.34326453582467e-06,50,0,379,49
Y380,Y,3722238,9.94015756494715e-06,50,0,380,50
G381,G,3722231,1.18207279150573e-05,50,0,381,51
V382,V,3720804,0.000395188426432713,50,0,382,52
S383,S,3722253,5.91036395747313e-06,49,0.02,383,53
P384,P,3719035,0.000870435419199289,29,0.42,384,54
T385,T,3720760,0.000407009154347771,26,0.48,385,55
K386,K,3722271,1.07461162868194e-06,49,0.02,386,56
L387,L,3722270,1.34326453582467e-06,50,0,387,57
N388,N,3722220,1.47759098938494e-05,27,0.46,388,58
D389,D,3722165,2.95518197875877e-05,50,0,389,59
L390,L,3722163,3.00891256019842e-05,49,0.02,390,60
C391,C,3722275,0,50,0,391,61
F392,F,3722253,5.91036395747313e-06,49,0.02,392,62
T393,T,3722216,1.58505215224203e-05,26,0.48,393,63
N394,N,3722060,5.77603750394617e-05,25,0.5,394,64
V395,V,3722195,2.14922325728617e-05,49,0.02,395,65
Y396,Y,3722253,5.91036395747313e-06,49,0.02,396,66
A397,A,3722147,3.43875721164899e-05,49,0.02,397,67
D398,D,3722271,1.07461162868194e-06,50,0,398,68
S399,S,3722265,2.68652907164935e-06,25,0.5,399,69
F400,F,3722267,2.14922325725286e-06,49,0.02,400,70
V401,V,3721906,9.91329227421067e-05,27,0.46,401,71
I402,I,3722116,4.27158122384697e-05,25,0.5,402,72
R403,R,3721899,0.000101013493092217,24,0.52,403,73
G404,G,3722188,2.33728029229718e-05,27,0.46,404,74
D405,D,3722015,6.98497558616618e-05,27,0.46,405,75
E406,E,3721953,8.65062361056212e-05,26,0.48,406,76
V407,V,3722129,3.92233244453921e-05,49,0.02,407,77
R408,R,3720229,0.000549663848049886,49,0.02,408,78
Q409,Q,3722249,6.98497558615507e-06,49,0.02,409,79
I410,I,3722022,6.79691855115516e-05,29,0.42,410,80
A411,A,3720038,0.000600976553317478,49,0.02,411,81
P412,P,3722260,4.029793607363e-06,50,0,412,82
G413,G,3722027,6.66259209757269e-05,47,0.0600000000000001,413,83
Q414,Q,3719259,0.000810257167995432,33,0.34,414,84
T415,T,3722060,5.77603750394617e-05,49,0.02,415,85
G416,G,3722271,1.07461162868194e-06,50,0,416,86
K417,K,3612361,0.0295287156376141,2,0.96,417,87
I418,I,3722233,1.12834221007718e-05,49,0.02,418,88
A419,A,3721826,0.000120625155314968,50,0,419,89
D420,D,3722201,1.98803151298943e-05,48,0.04,420,90
Y421,Y,3722259,4.29844651461675e-06,50,0,421,91
N422,N,3722274,2.6865290714273e-07,50,0,422,92
Y423,Y,3722274,2.6865290714273e-07,50,0,423,93
K424,K,3722264,2.95518197879208e-06,49,0.02,424,94
L425,L,3722258,4.56709942175948e-06,50,0,425,95
P426,P,3722041,6.28647802755067e-05,50,0,426,96
D427,D,3719244,0.000814286961602795,49,0.02,427,97
D428,D,3721906,9.91329227421067e-05,49,0.02,428,98
F429,F,3722272,8.0595872142819e-07,50,0,429,99
T430,T,3722043,6.23274744612212e-05,28,0.44,430,100
G431,G,3722269,1.6119174429674e-06,50,0,431,101
C432,C,3722273,5.3730581428546e-07,50,0,432,102
V433,V,3722069,5.53424988750661e-05,49,0.02,433,103
I434,I,3721685,0.000158505215224536,26,0.48,434,104
A435,A,3721986,7.7640690169356e-05,49,0.02,435,105
W436,W,3722242,8.86554593626521e-06,49,0.02,436,106
N437,N,3722264,2.95518197879208e-06,49,0.02,437,107
S438,S,3722260,4.029793607363e-06,4,0.92,438,108
N439,N,3695484,0.00719748003573084,7,0.86,439,109
N440,N,3713574,0.00233754894520155,23,0.54,440,110
L441,L,3721973,8.11331779624336e-05,4,0.92,441,111
D442,D,3722237,1.02088104720899e-05,49,0.02,442,112
S443,S,3722216,1.58505215224203e-05,7,0.86,443,113
K444,K,3721269,0.000270264824603239,4,0.92,444,114
V445,V,3721762,0.000137818941373213,2,0.96,445,115
G446,G,3717233,0.00135454795790213,4,0.92,446,116
G447,G,3722155,3.2238348859237e-05,25,0.5,447,117
N448,N,3722107,4.51336884029763e-05,25,0.5,448,118
Y449,Y,3720721,0.000417486617727114,22,0.56,449,119
N450,N,3720621,0.000444351908443053,25,0.5,450,120
Y451,Y,3722230,1.20893808222e-05,47,0.0600000000000001,451,121
L452,L,1979479,0.468207211987293,7,0.86,452,122
Y453,Y,3720577,0.00045617263635811,49,0.02,453,123
R454,R,3722262,3.49248779307754e-06,49,0.02,454,124
L455,L,3720733,0.000414262782841179,5,0.9,455,125
F456,F,3722116,4.27158122384697e-05,6,0.88,456,126
R457,R,3722237,1.02088104720899e-05,49,0.02,457,127
K458,K,3721920,9.53717820418865e-05,17,0.66,458,128
S459,S,3721257,0.000273488659489174,11,0.78,459,129
N460,N,3721592,0.000183489935590475,3,0.94,460,130
L461,L,3722241,9.13419884340794e-06,47,0.0600000000000001,461,131
K462,K,3722178,2.60593319945102e-05,28,0.44,462,132
P463,P,3721778,0.000133520494858708,49,0.02,463,133
F464,F,3722078,5.29246227105595e-05,44,0.12,464,134
E465,E,3722141,3.59994895594573e-05,48,0.04,465,135
R466,R,3722223,1.39699511723101e-05,49,0.02,466,136
D467,D,3722263,3.22383488593481e-06,49,0.02,467,137
I468,I,3721900,0.000100744840185074,23,0.54,468,138
S469,S,3722202,1.96116622227516e-05,49,0.02,469,139
T470,T,3721043,0.000330980381621493,4,0.92,470,140
E471,E,3721296,0.000263011196109941,7,0.86,471,141
I472,I,3722132,3.84173657239639e-05,7,0.86,472,142
Y473,Y,3722225,1.34326453580247e-05,9,0.82,473,143
Q474,Q,3722002,7.33422436547393e-05,4,0.92,474,144
A475,A,3720373,0.00051097782941889,4,0.92,475,145
G476,G,3721467,0.000217071548985537,7,0.86,476,146
S477,S,3655786,0.0178624631441793,4,0.92,477,147
T478,T,2031345,0.454273260304518,3,0.94,478,148
P479,P,3719355,0.000784466488907953,22,0.56,479,149
C480,C,3722263,3.22383488593481e-06,27,0.46,480,150
N481,N,3721868,0.000109341733214197,4,0.92,481,151
G482,G,3722010,7.11930203974864e-05,4,0.92,482,152
V483,V,3719821,0.000659274234171336,2,0.96,483,153
E484,E,3536314,0.0499589632684313,3,0.94,484,154
G485,G,3721855,0.000112834221007274,8,0.84,485,155
F486,F,3721915,9.67150465777111e-05,5,0.9,486,156
N487,N,3722261,3.76114070022027e-06,47,0.0600000000000001,487,157
C488,C,3722269,1.6119174429674e-06,27,0.46,488,158
Y489,Y,3722234,1.10147691935181e-05,27,0.46,489,159
F490,F,3709022,0.00356045697859508,2,0.96,490,160
P491,P,3722164,2.98204726948414e-05,28,0.44,491,161
L492,L,3722264,2.95518197879208e-06,49,0.02,492,162
Q493,Q,3721279,0.00026757829553159,2,0.96,493,163
S494,S,3710933,0.0030470612730118,4,0.92,494,164
Y495,Y,3722262,3.49248779307754e-06,50,0,495,165
G496,G,3721797,0.000128416089622663,27,0.46,496,166
F497,F,3722264,2.95518197879208e-06,49,0.02,497,167
Q498,Q,3722154,3.25070017663798e-05,1,0.98,498,168
P499,P,3721819,0.000122505725665079,23,0.54,499,169
T500,T,3722213,1.66564802439595e-05,28,0.44,500,170
N501,N,2586727,0.305068271420032,5,0.9,501,171
G502,G,3722253,5.91036395747313e-06,27,0.46,502,172
V503,V,3721490,0.00021089253212081,16,0.68,503,173
G504,G,3722070,5.50738459678124e-05,26,0.48,504,174
Y505,Y,3722151,3.3312960487919e-05,44,0.12,505,175
Q506,Q,3722253,5.91036395747313e-06,50,0,506,176
P507,P,3722159,3.11637372305551e-05,28,0.44,507,177
Y508,Y,3721428,0.000227549012364769,26,0.48,508,178
R509,R,3722262,3.49248779307754e-06,49,0.02,509,179
V510,V,3722222,1.42386040794529e-05,49,0.02,510,180
V511,V,3722214,1.63878273368168e-05,49,0.02,511,181
V512,V,3722235,1.07461162863753e-05,49,0.02,512,182
L513,L,3722097,4.78202174745146e-05,49,0.02,513,183
S514,S,3721620,0.000175967654189924,49,0.02,514,184
F515,F,3722254,5.6417110503304e-06,47,0.0600000000000001,515,185
E516,E,3721618,0.00017650496000432,49,0.02,516,186
L517,L,3721885,0.000104774633792548,49,0.02,517,187
L518,L,3722184,2.44474145515428e-05,49,0.02,518,188
H519,H,3722148,3.41189192093472e-05,1,0.98,519,189
A520,A,3716164,0.00164173791565647,48,0.04,520,190
P521,P,3721836,0.000117938626243319,49,0.02,521,191
A522,A,3714287,0.00214599942239624,50,0,522,192
T523,T,3722111,4.40590767742943e-05,50,0,523,193
V524,V,3722249,6.98497558615507e-06,50,0,524,194
C525,C,3722257,4.83575232890221e-06,50,0,525,195
G526,G,3722258,4.56709942175948e-06,50,0,526,196
P527,P,3722164,2.98204726948414e-05,49,0.02,527,197
K528,K,3722171,2.79399023446203e-05,50,0,528,198
K529,K,3721813,0.000124117643108046,3,0.94,529,199
S530,S,3722134,3.78800599095674e-05,49,0.02,530,200
T531,T,3722171,2.79399023446203e-05,50,0,531,201
